function a=anonymous
% auto-generated code. do not modify.
Infinity=Inf;
I=i;
a=zeros([3600, 2]);
a(1)=30;
a(2)=60;
a(3)=90;
a(4)=120;
a(5)=150;
a(6)=180;
a(7)=210;
a(8)=240;
a(9)=270;
a(10)=300;
a(11)=330;
a(12)=360;
a(13)=390;
a(14)=420;
a(15)=450;
a(16)=480;
a(17)=510;
a(18)=540;
a(19)=570;
a(20)=600;
a(21)=630;
a(22)=660;
a(23)=690;
a(24)=720;
a(25)=750;
a(26)=780;
a(27)=810;
a(28)=840;
a(29)=870;
a(30)=900;
a(31)=930;
a(32)=960;
a(33)=990;
a(34)=1020;
a(35)=1050;
a(36)=1080;
a(37)=1110;
a(38)=1140;
a(39)=1170;
a(40)=1200;
a(41)=1230;
a(42)=1260;
a(43)=1290;
a(44)=1320;
a(45)=1350;
a(46)=1380;
a(47)=1410;
a(48)=1440;
a(49)=1470;
a(50)=1500;
a(51)=1530;
a(52)=1560;
a(53)=1590;
a(54)=1620;
a(55)=1650;
a(56)=1680;
a(57)=1710;
a(58)=1740;
a(59)=1770;
a(60)=1800;
a(61)=1830;
a(62)=1860;
a(63)=1890;
a(64)=1920;
a(65)=1950;
a(66)=1980;
a(67)=2010;
a(68)=2040;
a(69)=2070;
a(70)=2100;
a(71)=2130;
a(72)=2160;
a(73)=2190;
a(74)=2220;
a(75)=2250;
a(76)=2280;
a(77)=2310;
a(78)=2340;
a(79)=2370;
a(80)=2400;
a(81)=2430;
a(82)=2460;
a(83)=2490;
a(84)=2520;
a(85)=2550;
a(86)=2580;
a(87)=2610;
a(88)=2640;
a(89)=2670;
a(90)=2700;
a(91)=2730;
a(92)=2760;
a(93)=2790;
a(94)=2820;
a(95)=2850;
a(96)=2880;
a(97)=2910;
a(98)=2940;
a(99)=2970;
a(100)=3000;
a(101)=3030;
a(102)=3060;
a(103)=3090;
a(104)=3120;
a(105)=3150;
a(106)=3180;
a(107)=3210;
a(108)=3240;
a(109)=3270;
a(110)=3300;
a(111)=3330;
a(112)=3360;
a(113)=3390;
a(114)=3420;
a(115)=3450;
a(116)=3480;
a(117)=3510;
a(118)=3540;
a(119)=3570;
a(120)=3600;
a(121)=3630;
a(122)=3660;
a(123)=3690;
a(124)=3720;
a(125)=3750;
a(126)=3780;
a(127)=3810;
a(128)=3840;
a(129)=3870;
a(130)=3900;
a(131)=3930;
a(132)=3960;
a(133)=3990;
a(134)=4020;
a(135)=4050;
a(136)=4080;
a(137)=4110;
a(138)=4140;
a(139)=4170;
a(140)=4200;
a(141)=4230;
a(142)=4260;
a(143)=4290;
a(144)=4320;
a(145)=4350;
a(146)=4380;
a(147)=4410;
a(148)=4440;
a(149)=4470;
a(150)=4500;
a(151)=4530;
a(152)=4560;
a(153)=4590;
a(154)=4620;
a(155)=4650;
a(156)=4680;
a(157)=4710;
a(158)=4740;
a(159)=4770;
a(160)=4800;
a(161)=4830;
a(162)=4860;
a(163)=4890;
a(164)=4920;
a(165)=4950;
a(166)=4980;
a(167)=5010;
a(168)=5040;
a(169)=5070;
a(170)=5100;
a(171)=5130;
a(172)=5160;
a(173)=5190;
a(174)=5220;
a(175)=5250;
a(176)=5280;
a(177)=5310;
a(178)=5340;
a(179)=5370;
a(180)=5400;
a(181)=5430;
a(182)=5460;
a(183)=5490;
a(184)=5520;
a(185)=5550;
a(186)=5580;
a(187)=5610;
a(188)=5640;
a(189)=5670;
a(190)=5700;
a(191)=5730;
a(192)=5760;
a(193)=5790;
a(194)=5820;
a(195)=5850;
a(196)=5880;
a(197)=5910;
a(198)=5940;
a(199)=5970;
a(200)=6000;
a(201)=6030;
a(202)=6060;
a(203)=6090;
a(204)=6120;
a(205)=6150;
a(206)=6180;
a(207)=6210;
a(208)=6240;
a(209)=6270;
a(210)=6300;
a(211)=6330;
a(212)=6360;
a(213)=6390;
a(214)=6420;
a(215)=6450;
a(216)=6480;
a(217)=6510;
a(218)=6540;
a(219)=6570;
a(220)=6600;
a(221)=6630;
a(222)=6660;
a(223)=6690;
a(224)=6720;
a(225)=6750;
a(226)=6780;
a(227)=6810;
a(228)=6840;
a(229)=6870;
a(230)=6900;
a(231)=6930;
a(232)=6960;
a(233)=6990;
a(234)=7020;
a(235)=7050;
a(236)=7080;
a(237)=7110;
a(238)=7140;
a(239)=7170;
a(240)=7200;
a(241)=7230;
a(242)=7260;
a(243)=7290;
a(244)=7320;
a(245)=7350;
a(246)=7380;
a(247)=7410;
a(248)=7440;
a(249)=7470;
a(250)=7500;
a(251)=7530;
a(252)=7560;
a(253)=7590;
a(254)=7620;
a(255)=7650;
a(256)=7680;
a(257)=7710;
a(258)=7740;
a(259)=7770;
a(260)=7800;
a(261)=7830;
a(262)=7860;
a(263)=7890;
a(264)=7920;
a(265)=7950;
a(266)=7980;
a(267)=8010;
a(268)=8040;
a(269)=8070;
a(270)=8100;
a(271)=8130;
a(272)=8160;
a(273)=8190;
a(274)=8220;
a(275)=8250;
a(276)=8280;
a(277)=8310;
a(278)=8340;
a(279)=8370;
a(280)=8400;
a(281)=8430;
a(282)=8460;
a(283)=8490;
a(284)=8520;
a(285)=8550;
a(286)=8580;
a(287)=8610;
a(288)=8640;
a(289)=8670;
a(290)=8700;
a(291)=8730;
a(292)=8760;
a(293)=8790;
a(294)=8820;
a(295)=8850;
a(296)=8880;
a(297)=8910;
a(298)=8940;
a(299)=8970;
a(300)=9000;
a(301)=9030;
a(302)=9060;
a(303)=9090;
a(304)=9120;
a(305)=9150;
a(306)=9180;
a(307)=9210;
a(308)=9240;
a(309)=9270;
a(310)=9300;
a(311)=9330;
a(312)=9360;
a(313)=9390;
a(314)=9420;
a(315)=9450;
a(316)=9480;
a(317)=9510;
a(318)=9540;
a(319)=9570;
a(320)=9600;
a(321)=9630;
a(322)=9660;
a(323)=9690;
a(324)=9720;
a(325)=9750;
a(326)=9780;
a(327)=9810;
a(328)=9840;
a(329)=9870;
a(330)=9900;
a(331)=9930;
a(332)=9960;
a(333)=9990;
a(334)=10020;
a(335)=10050;
a(336)=10080;
a(337)=10110;
a(338)=10140;
a(339)=10170;
a(340)=10200;
a(341)=10230;
a(342)=10260;
a(343)=10290;
a(344)=10320;
a(345)=10350;
a(346)=10380;
a(347)=10410;
a(348)=10440;
a(349)=10470;
a(350)=10500;
a(351)=10530;
a(352)=10560;
a(353)=10590;
a(354)=10620;
a(355)=10650;
a(356)=10680;
a(357)=10710;
a(358)=10740;
a(359)=10770;
a(360)=10800;
a(361)=10830;
a(362)=10860;
a(363)=10890;
a(364)=10920;
a(365)=10950;
a(366)=10980;
a(367)=11010;
a(368)=11040;
a(369)=11070;
a(370)=11100;
a(371)=11130;
a(372)=11160;
a(373)=11190;
a(374)=11220;
a(375)=11250;
a(376)=11280;
a(377)=11310;
a(378)=11340;
a(379)=11370;
a(380)=11400;
a(381)=11430;
a(382)=11460;
a(383)=11490;
a(384)=11520;
a(385)=11550;
a(386)=11580;
a(387)=11610;
a(388)=11640;
a(389)=11670;
a(390)=11700;
a(391)=11730;
a(392)=11760;
a(393)=11790;
a(394)=11820;
a(395)=11850;
a(396)=11880;
a(397)=11910;
a(398)=11940;
a(399)=11970;
a(400)=12000;
a(401)=12030;
a(402)=12060;
a(403)=12090;
a(404)=12120;
a(405)=12150;
a(406)=12180;
a(407)=12210;
a(408)=12240;
a(409)=12270;
a(410)=12300;
a(411)=12330;
a(412)=12360;
a(413)=12390;
a(414)=12420;
a(415)=12450;
a(416)=12480;
a(417)=12510;
a(418)=12540;
a(419)=12570;
a(420)=12600;
a(421)=12630;
a(422)=12660;
a(423)=12690;
a(424)=12720;
a(425)=12750;
a(426)=12780;
a(427)=12810;
a(428)=12840;
a(429)=12870;
a(430)=12900;
a(431)=12930;
a(432)=12960;
a(433)=12990;
a(434)=13020;
a(435)=13050;
a(436)=13080;
a(437)=13110;
a(438)=13140;
a(439)=13170;
a(440)=13200;
a(441)=13230;
a(442)=13260;
a(443)=13290;
a(444)=13320;
a(445)=13350;
a(446)=13380;
a(447)=13410;
a(448)=13440;
a(449)=13470;
a(450)=13500;
a(451)=13530;
a(452)=13560;
a(453)=13590;
a(454)=13620;
a(455)=13650;
a(456)=13680;
a(457)=13710;
a(458)=13740;
a(459)=13770;
a(460)=13800;
a(461)=13830;
a(462)=13860;
a(463)=13890;
a(464)=13920;
a(465)=13950;
a(466)=13980;
a(467)=14010;
a(468)=14040;
a(469)=14070;
a(470)=14100;
a(471)=14130;
a(472)=14160;
a(473)=14190;
a(474)=14220;
a(475)=14250;
a(476)=14280;
a(477)=14310;
a(478)=14340;
a(479)=14370;
a(480)=14400;
a(481)=14430;
a(482)=14460;
a(483)=14490;
a(484)=14520;
a(485)=14550;
a(486)=14580;
a(487)=14610;
a(488)=14640;
a(489)=14670;
a(490)=14700;
a(491)=14730;
a(492)=14760;
a(493)=14790;
a(494)=14820;
a(495)=14850;
a(496)=14880;
a(497)=14910;
a(498)=14940;
a(499)=14970;
a(500)=15000;
a(501)=15030;
a(502)=15060;
a(503)=15090;
a(504)=15120;
a(505)=15150;
a(506)=15180;
a(507)=15210;
a(508)=15240;
a(509)=15270;
a(510)=15300;
a(511)=15330;
a(512)=15360;
a(513)=15390;
a(514)=15420;
a(515)=15450;
a(516)=15480;
a(517)=15510;
a(518)=15540;
a(519)=15570;
a(520)=15600;
a(521)=15630;
a(522)=15660;
a(523)=15690;
a(524)=15720;
a(525)=15750;
a(526)=15780;
a(527)=15810;
a(528)=15840;
a(529)=15870;
a(530)=15900;
a(531)=15930;
a(532)=15960;
a(533)=15990;
a(534)=16020;
a(535)=16050;
a(536)=16080;
a(537)=16110;
a(538)=16140;
a(539)=16170;
a(540)=16200;
a(541)=16230;
a(542)=16260;
a(543)=16290;
a(544)=16320;
a(545)=16350;
a(546)=16380;
a(547)=16410;
a(548)=16440;
a(549)=16470;
a(550)=16500;
a(551)=16530;
a(552)=16560;
a(553)=16590;
a(554)=16620;
a(555)=16650;
a(556)=16680;
a(557)=16710;
a(558)=16740;
