#Total Values for this Simulation (last Iteration)
#Tue Oct 13 13:07:12 EDT 2020
averageTripDistance=12.118606250786012[km]
dispatcher=GlobalBipartiteMatchingDispatcher
dispatchingPeriod=15
distanceHeuristic=
distanceRatio=0.7194024433651782
DriveTimeMax=1950.0
DriveTimeQuantile1=300.0
DriveTimeQuantile2=630.0
DriveTimeQuantile3=1230.0
MeanDriveTime=670.6756189676878
MeanTTravelTime=1034.3013008812422
MeanWaitingTime=363.62568191355433
occupancyRatio=0.09865555555555511
populationSize=2383
rebalancePeriod=-1
requestSharedNumbers={2383}
timeStamp=2020/10/13 - 13\:06\:12
totalRequests=2383
TotalRoboTaxiDistance=40142.53629795345[km]
totalRoboTaxiDistancePicku=11263.897602330368[km]
totalRoboTaxiDistanceReb=0[km]
totalRoboTaxiDistanceWtCst=28878.638695623067[km]
totalVehicles=150
TTravelTimeMax=3180.0
TTravelTimeQuantile1=510.0
TTravelTimeQuantile2=990.0
TTravelTimeQuantile3=1830.0
vehicleGenerator=PopulationDensity
virtualNodes=24
WaitTimeMax=1740.0
WaitTimeQuantile1=90.0
WaitTimeQuantile2=300.0
WaitTimeQuantile3=900.0
