function a=anonymous
% auto-generated code. do not modify.
Infinity=Inf;
I=i;
a=zeros([3600, 5]);
a(486)=1;
a(487)=1;
a(488)=1;
a(489)=1;
a(490)=2;
a(491)=2;
a(492)=2;
a(493)=2;
a(494)=2;
a(495)=2;
a(496)=3;
a(497)=3;
a(498)=4;
a(499)=4;
a(500)=4;
a(501)=4;
a(502)=4;
a(503)=4;
a(504)=4;
a(505)=4;
a(506)=4;
a(507)=4;
a(508)=4;
a(509)=3;
a(510)=3;
a(511)=3;
a(512)=3;
a(513)=3;
a(514)=3;
a(515)=3;
a(516)=2;
a(517)=1;
a(518)=1;
a(519)=1;
a(520)=1;
a(521)=1;
a(522)=1;
a(523)=1;
a(524)=1;
a(525)=1;
a(526)=1;
a(527)=1;
a(528)=1;
a(529)=1;
a(561)=1;
a(562)=1;
a(563)=1;
a(564)=1;
a(565)=1;
a(566)=1;
a(567)=1;
a(568)=1;
a(569)=1;
a(570)=1;
a(571)=1;
a(572)=1;
a(573)=2;
a(574)=2;
a(575)=2;
a(576)=2;
a(577)=2;
a(578)=3;
a(579)=3;
a(580)=2;
a(581)=2;
a(582)=2;
a(583)=2;
a(584)=2;
a(585)=2;
a(586)=2;
a(587)=2;
a(588)=2;
a(589)=2;
a(590)=1;
a(591)=1;
a(592)=1;
a(593)=1;
a(594)=1;
a(595)=1;
a(618)=1;
a(619)=1;
a(620)=1;
a(621)=1;
a(622)=1;
a(623)=1;
a(624)=1;
a(625)=1;
a(626)=2;
a(627)=2;
a(628)=2;
a(629)=1;
a(630)=1;
a(631)=1;
a(632)=1;
a(633)=1;
a(634)=1;
a(635)=1;
a(636)=1;
a(642)=1;
a(643)=1;
a(644)=1;
a(645)=1;
a(646)=1;
a(647)=1;
a(648)=2;
a(649)=2;
a(650)=2;
a(651)=2;
a(652)=3;
a(653)=3;
a(654)=3;
a(655)=4;
a(656)=3;
a(657)=3;
a(658)=4;
a(659)=4;
a(660)=3;
a(661)=3;
a(662)=3;
a(663)=4;
a(664)=4;
a(665)=3;
a(666)=4;
a(667)=4;
a(668)=4;
a(669)=4;
a(670)=5;
a(671)=3;
a(672)=3;
a(673)=2;
a(674)=2;
a(675)=2;
a(676)=2;
a(677)=3;
a(678)=4;
a(679)=6;
a(680)=6;
a(681)=6;
a(682)=7;
a(683)=6;
a(684)=6;
a(685)=7;
a(686)=7;
a(687)=7;
a(688)=7;
a(689)=7;
a(690)=7;
a(691)=7;
a(692)=7;
a(693)=8;
a(694)=7;
a(695)=7;
a(696)=7;
a(697)=7;
a(698)=7;
a(699)=7;
a(700)=7;
a(701)=7;
a(702)=7;
a(703)=6;
a(704)=7;
a(705)=7;
a(706)=7;
a(707)=6;
a(708)=6;
a(709)=5;
a(710)=4;
a(711)=4;
a(712)=4;
a(713)=4;
a(714)=4;
a(715)=4;
a(716)=4;
a(717)=2;
a(718)=2;
a(719)=2;
a(720)=1;
a(721)=1;
a(722)=1;
a(723)=1;
a(724)=1;
a(725)=1;
a(726)=1;
a(727)=1;
a(728)=3;
a(729)=3;
a(730)=3;
a(731)=3;
a(732)=3;
a(733)=4;
a(734)=5;
a(735)=7;
a(736)=7;
a(737)=7;
a(738)=7;
a(739)=8;
a(740)=8;
a(741)=10;
a(742)=11;
a(743)=11;
a(744)=10;
a(745)=11;
a(746)=11;
a(747)=11;
a(748)=11;
a(749)=13;
a(750)=13;
a(751)=13;
a(752)=13;
a(753)=11;
a(754)=11;
a(755)=12;
a(756)=13;
a(757)=13;
a(758)=12;
a(759)=11;
a(760)=10;
a(761)=10;
a(762)=12;
a(763)=12;
a(764)=12;
a(765)=12;
a(766)=12;
a(767)=11;
a(768)=11;
a(769)=13;
a(770)=12;
a(771)=12;
a(772)=12;
a(773)=12;
a(774)=11;
a(775)=11;
a(776)=11;
a(777)=10;
a(778)=9;
a(779)=9;
a(780)=7;
a(781)=9;
a(782)=7;
a(783)=7;
a(784)=8;
a(785)=7;
a(786)=7;
a(787)=6;
a(788)=6;
a(789)=6;
a(790)=6;
a(791)=6;
a(792)=7;
a(793)=6;
a(794)=5;
a(795)=5;
a(796)=7;
a(797)=8;
a(798)=9;
a(799)=10;
a(800)=10;
a(801)=10;
a(802)=10;
a(803)=9;
a(804)=8;
a(805)=9;
a(806)=9;
a(807)=9;
a(808)=9;
a(809)=9;
a(810)=10;
a(811)=10;
a(812)=9;
a(813)=10;
a(814)=10;
a(815)=9;
a(816)=9;
a(817)=10;
a(818)=9;
a(819)=8;
a(820)=7;
a(821)=9;
a(822)=8;
a(823)=8;
a(824)=9;
a(825)=9;
a(826)=7;
a(827)=7;
a(828)=5;
a(829)=3;
a(830)=4;
a(831)=4;
a(832)=4;
a(833)=4;
a(834)=4;
a(835)=4;
a(836)=4;
a(837)=4;
a(838)=4;
a(839)=3;
a(840)=3;
a(841)=3;
a(842)=1;
a(843)=1;
a(848)=1;
a(849)=1;
a(850)=1;
a(851)=1;
a(852)=3;
a(853)=3;
a(854)=4;
a(855)=5;
a(856)=7;
a(857)=7;
a(858)=7;
a(859)=7;
a(860)=6;
a(861)=6;
a(862)=6;
a(863)=9;
a(864)=10;
a(865)=11;
a(866)=11;
a(867)=11;
a(868)=12;
a(869)=12;
a(870)=12;
a(871)=12;
a(872)=13;
a(873)=12;
a(874)=12;
a(875)=14;
a(876)=14;
a(877)=14;
a(878)=13;
a(879)=12;
a(880)=11;
a(881)=12;
a(882)=13;
a(883)=13;
a(884)=12;
a(885)=12;
a(886)=12;
a(887)=12;
a(888)=10;
a(889)=10;
a(890)=9;
a(891)=10;
a(892)=10;
a(893)=10;
a(894)=8;
a(895)=9;
a(896)=9;
a(897)=10;
a(898)=10;
a(899)=9;
a(900)=10;
a(901)=10;
a(902)=9;
a(903)=7;
a(904)=8;
a(905)=9;
a(906)=10;
a(907)=9;
a(908)=12;
a(909)=13;
a(910)=12;
a(911)=11;
a(912)=11;
a(913)=10;
a(914)=10;
a(915)=10;
a(916)=9;
a(917)=9;
a(918)=9;
a(919)=9;
a(920)=11;
a(921)=12;
a(922)=12;
a(923)=12;
a(924)=11;
a(925)=12;
a(926)=14;
a(927)=11;
a(928)=11;
a(929)=11;
a(930)=11;
a(931)=12;
a(932)=12;
a(933)=10;
a(934)=11;
a(935)=11;
a(936)=12;
a(937)=12;
a(938)=12;
a(939)=12;
a(940)=13;
a(941)=12;
a(942)=12;
a(943)=12;
a(944)=11;
a(945)=10;
a(946)=9;
a(947)=10;
a(948)=10;
a(949)=11;
a(950)=11;
a(951)=13;
a(952)=13;
a(953)=13;
a(954)=11;
a(955)=13;
a(956)=13;
a(957)=15;
a(958)=13;
a(959)=14;
a(960)=15;
a(961)=17;
a(962)=17;
a(963)=17;
a(964)=17;
a(965)=17;
a(966)=17;
a(967)=17;
a(968)=17;
a(969)=17;
a(970)=17;
a(971)=17;
a(972)=19;
a(973)=18;
a(974)=18;
a(975)=16;
a(976)=17;
a(977)=16;
a(978)=16;
a(979)=16;
a(980)=17;
a(981)=17;
a(982)=16;
a(983)=15;
a(984)=17;
a(985)=18;
a(986)=19;
a(987)=18;
a(988)=19;
a(989)=20;
a(990)=20;
a(991)=19;
a(992)=19;
a(993)=19;
a(994)=18;
a(995)=17;
a(996)=18;
a(997)=20;
a(998)=20;
a(999)=19;
a(1000)=17;
a(1001)=17;
a(1002)=17;
a(1003)=16;
a(1004)=14;
a(1005)=15;
a(1006)=14;
a(1007)=15;
a(1008)=13;
a(1009)=14;
a(1010)=12;
a(1011)=14;
a(1012)=14;
a(1013)=14;
a(1014)=17;
a(1015)=18;
a(1016)=19;
a(1017)=19;
a(1018)=20;
a(1019)=19;
a(1020)=19;
a(1021)=18;
a(1022)=18;
a(1023)=17;
a(1024)=19;
a(1025)=20;
a(1026)=20;
a(1027)=18;
a(1028)=18;
a(1029)=18;
a(1030)=19;
a(1031)=19;
a(1032)=16;
a(1033)=16;
a(1034)=16;
a(1035)=16;
a(1036)=16;
a(1037)=15;
a(1038)=16;
a(1039)=16;
a(1040)=17;
a(1041)=16;
a(1042)=16;
a(1043)=18;
a(1044)=19;
a(1045)=19;
a(1046)=18;
a(1047)=18;
a(1048)=19;
a(1049)=18;
a(1050)=17;
a(1051)=18;
a(1052)=16;
a(1053)=14;
a(1054)=13;
a(1055)=14;
a(1056)=15;
a(1057)=16;
a(1058)=15;
a(1059)=18;
a(1060)=16;
a(1061)=16;
a(1062)=16;
a(1063)=16;
a(1064)=17;
a(1065)=17;
a(1066)=18;
a(1067)=19;
a(1068)=17;
a(1069)=17;
a(1070)=17;
a(1071)=14;
a(1072)=15;
a(1073)=16;
a(1074)=15;
a(1075)=14;
a(1076)=12;
a(1077)=12;
a(1078)=12;
a(1079)=13;
a(1080)=14;
a(1081)=15;
a(1082)=18;
a(1083)=19;
a(1084)=19;
a(1085)=20;
a(1086)=19;
a(1087)=19;
a(1088)=18;
a(1089)=19;
a(1090)=20;
a(1091)=20;
a(1092)=20;
a(1093)=18;
a(1094)=17;
a(1095)=15;
a(1096)=17;
a(1097)=18;
a(1098)=18;
a(1099)=19;
a(1100)=17;
a(1101)=20;
a(1102)=20;
a(1103)=21;
a(1104)=18;
a(1105)=18;
a(1106)=18;
a(1107)=15;
a(1108)=14;
a(1109)=15;
a(1110)=15;
a(1111)=15;
a(1112)=16;
a(1113)=18;
a(1114)=18;
a(1115)=17;
a(1116)=18;
a(1117)=19;
a(1118)=18;
a(1119)=18;
a(1120)=18;
a(1121)=15;
a(1122)=15;
a(1123)=15;
a(1124)=15;
a(1125)=16;
a(1126)=19;
a(1127)=17;
a(1128)=18;
a(1129)=18;
a(1130)=18;
a(1131)=19;
a(1132)=19;
a(1133)=19;
a(1134)=19;
a(1135)=19;
a(1136)=19;
a(1137)=19;
a(1138)=19;
a(1139)=19;
a(1140)=19;
a(1141)=20;
a(1142)=20;
a(1143)=18;
a(1144)=18;
a(1145)=19;
a(1146)=18;
a(1147)=17;
a(1148)=17;
a(1149)=16;
a(1150)=17;
a(1151)=18;
a(1152)=16;
a(1153)=14;
a(1154)=13;
a(1155)=13;
a(1156)=14;
a(1157)=12;
a(1158)=12;
a(1159)=10;
a(1160)=12;
a(1161)=11;
a(1162)=15;
a(1163)=14;
a(1164)=17;
a(1165)=17;
a(1166)=19;
a(1167)=19;
a(1168)=19;
a(1169)=20;
a(1170)=21;
a(1171)=21;
a(1172)=22;
a(1173)=21;
a(1174)=22;
a(1175)=22;
a(1176)=20;
a(1177)=18;
a(1178)=16;
a(1179)=16;
a(1180)=17;
a(1181)=18;
a(1182)=20;
a(1183)=20;
a(1184)=19;
a(1185)=19;
a(1186)=18;
a(1187)=17;
a(1188)=16;
a(1189)=15;
a(1190)=15;
a(1191)=14;
a(1192)=14;
a(1193)=14;
a(1194)=14;
a(1195)=16;
a(1196)=16;
a(1197)=17;
a(1198)=17;
a(1199)=17;
a(1200)=19;
a(1201)=19;
a(1202)=17;
a(1203)=17;
a(1204)=18;
a(1205)=17;
a(1206)=17;
a(1207)=16;
a(1208)=17;
a(1209)=16;
a(1210)=16;
a(1211)=16;
