#Total Values for this Simulation (last Iteration)
#Tue Oct 13 11:42:35 EDT 2020
averageTripDistance=12.118904732947934[km]
dispatcher=DemandSupplyBalancingDispatcher
dispatchingPeriod=15
distanceHeuristic=
distanceRatio=0.7309524814572876
DriveTimeMax=1920.0
DriveTimeQuantile1=300.0
DriveTimeQuantile2=630.0
DriveTimeQuantile3=1230.0
MeanDriveTime=670.7385648342427
MeanTTravelTime=979.4628619387327
MeanWaitingTime=308.7242971044901
occupancyRatio=0.07399861111111078
populationSize=2383
rebalancePeriod=-1
requestSharedNumbers={2383}
timeStamp=2020/10/13 - 11\:42\:12
totalRequests=2383
TotalRoboTaxiDistance=39509.20300734003[km]
totalRoboTaxiDistancePicku=10629.853028725096[km]
totalRoboTaxiDistanceReb=0[km]
totalRoboTaxiDistanceWtCst=28879.349978614926[km]
totalVehicles=200
TTravelTimeMax=2850.0
TTravelTimeQuantile1=480.0
TTravelTimeQuantile2=930.0
TTravelTimeQuantile3=1680.0
vehicleGenerator=PopulationDensity
virtualNodes=24
WaitTimeMax=1410.0
WaitTimeQuantile1=90.0
WaitTimeQuantile2=270.0
WaitTimeQuantile3=750.0
