#Total Values for this Simulation (last Iteration)
#Tue Oct 13 14:55:38 EDT 2020
averageTripDistance=12.118432854132303[km]
dispatcher=ModelFreeAdaptiveRepositioning
dispatchingPeriod=15
distanceHeuristic=
distanceRatio=0.5569089322546076
DriveTimeMax=1920.0
DriveTimeQuantile1=300.0
DriveTimeQuantile2=630.0
DriveTimeQuantile3=1230.0
MeanDriveTime=670.889634913974
MeanTTravelTime=1495.0272765421737
MeanWaitingTime=824.1376416281997
occupancyRatio=0.2960611111111093
populationSize=2383
rebalancePeriod=-1
requestSharedNumbers={2383}
timeStamp=2020/10/13 - 14\:55\:02
totalRequests=2383
TotalRoboTaxiDistance=51854.48431305593[km]
totalRoboTaxiDistancePicku=14749.008564929005[km]
totalRoboTaxiDistanceReb=8227.250256729601[km]
totalRoboTaxiDistanceWtCst=28878.22549139728[km]
totalVehicles=50
TTravelTimeMax=12480.0
TTravelTimeQuantile1=570.0
TTravelTimeQuantile2=1140.0
TTravelTimeQuantile3=3780.0
vehicleGenerator=PopulationDensity
virtualNodes=24
WaitTimeMax=11160.0
WaitTimeQuantile1=150.0
WaitTimeQuantile2=450.0
WaitTimeQuantile3=2850.0
