#Mon Oct 12 23:51:56 EDT 2020
#Total Values for this Simulation (last Iteration)
averageTripDistance=12.118619546198767[km]
dispatcher=ModelFreeAdaptiveRepositioning
dispatchingPeriod=15
distanceHeuristic=
distanceRatio=0.44648762418556637
DriveTimeMax=1920.0
DriveTimeQuantile1=300.0
DriveTimeQuantile2=630.0
DriveTimeQuantile3=1230.0
MeanDriveTime=670.373478808225
MeanTTravelTime=863.8187159043223
MeanWaitingTime=193.44523709609734
occupancyRatio=0.07395833333333296
populationSize=2383
rebalancePeriod=-1
requestSharedNumbers={2383}
timeStamp=2020/10/12 - 23\:51\:16
totalRequests=2383
TotalRoboTaxiDistance=64679.66593983194[km]
totalRoboTaxiDistancePicku=5382.730715227969[km]
totalRoboTaxiDistanceReb=30418.264846012262[km]
totalRoboTaxiDistanceWtCst=28878.67037859166[km]
totalVehicles=200
TTravelTimeMax=2490.0
TTravelTimeQuantile1=420.0
TTravelTimeQuantile2=840.0
TTravelTimeQuantile3=1530.0
vehicleGenerator=PopulationDensity
virtualNodes=24
WaitTimeMax=1290.0
WaitTimeQuantile1=60.0
WaitTimeQuantile2=150.0
WaitTimeQuantile3=480.0
