#Total Values for this Simulation (last Iteration)
#Tue Oct 13 13:22:54 EDT 2020
averageTripDistance=12.118452016960601[km]
dispatcher=GlobalBipartiteMatchingDispatcher
dispatchingPeriod=15
distanceHeuristic=
distanceRatio=0.6892076624936311
DriveTimeMax=1920.0
DriveTimeQuantile1=300.0
DriveTimeQuantile2=630.0
DriveTimeQuantile3=1230.0
MeanDriveTime=670.7007973143097
MeanTTravelTime=1092.2618548048679
MeanWaitingTime=421.56105749055814
occupancyRatio=0.14798888888888825
populationSize=2383
rebalancePeriod=-1
requestSharedNumbers={2383}
timeStamp=2020/10/13 - 13\:22\:09
totalRequests=2383
TotalRoboTaxiDistance=41900.682084601714[km]
totalRoboTaxiDistancePicku=13022.410928184605[km]
totalRoboTaxiDistanceReb=0[km]
totalRoboTaxiDistanceWtCst=28878.27115641711[km]
totalVehicles=100
TTravelTimeMax=3810.0
TTravelTimeQuantile1=540.0
TTravelTimeQuantile2=1050.0
TTravelTimeQuantile3=1950.0
vehicleGenerator=PopulationDensity
virtualNodes=24
WaitTimeMax=2640.0
WaitTimeQuantile1=120.0
WaitTimeQuantile2=330.0
WaitTimeQuantile3=1020.0
