#Total Values for this Simulation (last Iteration)
#Tue Oct 13 00:06:57 EDT 2020
averageTripDistance=11.534063734919956[km]
dispatcher=ModelFreeAdaptiveRepositioning
dispatchingPeriod=15
distanceHeuristic=
distanceRatio=0.7384526540524781
DriveTimeMax=1920.0
DriveTimeQuantile1=240.0
DriveTimeQuantile2=600.0
DriveTimeQuantile3=1230.0
MeanDriveTime=637.7926982794796
MeanTTravelTime=9659.307595467897
MeanWaitingTime=9021.514897188417
occupancyRatio=0.5630555555555571
populationSize=2383
rebalancePeriod=-1
requestSharedNumbers={2255}
timeStamp=2020/10/13 - 00\:06\:29
totalRequests=2383
TotalRoboTaxiDistance=37220.631179911754[km]
totalRoboTaxiDistancePicku=8972.080491711125[km]
totalRoboTaxiDistanceReb=762.8768078863708[km]
totalRoboTaxiDistanceWtCst=27485.673880314254[km]
totalVehicles=25
TTravelTimeMax=53400.0
TTravelTimeQuantile1=930.0
TTravelTimeQuantile2=4830.0
TTravelTimeQuantile3=33300.0
vehicleGenerator=PopulationDensity
virtualNodes=24
WaitTimeMax=52620.0
WaitTimeQuantile1=330.0
WaitTimeQuantile2=4110.0
WaitTimeQuantile3=32400.0
