#Total Values for this Simulation (last Iteration)
#Tue Oct 13 00:10:32 EDT 2020
averageTripDistance=11.758394349331581[km]
dispatcher=DemandSupplyBalancingDispatcher
dispatchingPeriod=15
distanceHeuristic=
distanceRatio=0.7495891272646245
DriveTimeMax=1920.0
DriveTimeQuantile1=270.0
DriveTimeQuantile2=630.0
DriveTimeQuantile3=1230.0
MeanDriveTime=650.2433906840117
MeanTTravelTime=9414.83843894251
MeanWaitingTime=8764.595048258498
occupancyRatio=0.5740666666666677
populationSize=2383
rebalancePeriod=-1
requestSharedNumbers={2310}
timeStamp=2020/10/13 - 00\:10\:06
totalRequests=2383
TotalRoboTaxiDistance=37380.81665713019[km]
totalRoboTaxiDistancePicku=9360.562922673042[km]
totalRoboTaxiDistanceReb=0[km]
totalRoboTaxiDistanceWtCst=28020.253734457157[km]
totalVehicles=25
TTravelTimeMax=53100.0
TTravelTimeQuantile1=1080.0
TTravelTimeQuantile2=4920.0
TTravelTimeQuantile3=32100.0
vehicleGenerator=PopulationDensity
virtualNodes=24
WaitTimeMax=52140.0
WaitTimeQuantile1=510.0
WaitTimeQuantile2=4230.0
WaitTimeQuantile3=31530.0
