#Total Values for this Simulation (last Iteration)
#Tue Oct 13 13:58:05 EDT 2020
averageTripDistance=11.512582080019653[km]
dispatcher=GlobalBipartiteMatchingDispatcher
dispatchingPeriod=15
distanceHeuristic=
distanceRatio=0.7506758900512847
DriveTimeMax=1920.0
DriveTimeQuantile1=240.0
DriveTimeQuantile2=600.0
DriveTimeQuantile3=1230.0
MeanDriveTime=636.8233319345363
MeanTTravelTime=10109.1942929081
MeanWaitingTime=9472.370960973563
occupancyRatio=0.5622222222222247
populationSize=2383
rebalancePeriod=-1
requestSharedNumbers={2256}
timeStamp=2020/10/13 - 13\:57\:35
totalRequests=2383
TotalRoboTaxiDistance=36546.37568659966[km]
totalRoboTaxiDistancePicku=9111.892589912823[km]
totalRoboTaxiDistanceReb=0[km]
totalRoboTaxiDistanceWtCst=27434.483096686832[km]
totalVehicles=25
TTravelTimeMax=57930.0
TTravelTimeQuantile1=960.0
TTravelTimeQuantile2=4950.0
TTravelTimeQuantile3=34080.0
vehicleGenerator=PopulationDensity
virtualNodes=24
WaitTimeMax=57510.0
WaitTimeQuantile1=330.0
WaitTimeQuantile2=4320.0
WaitTimeQuantile3=33600.0
