#Total Values for this Simulation (last Iteration)
#Tue Oct 13 11:37:41 EDT 2020
averageTripDistance=12.118724436539578[km]
dispatcher=DemandSupplyBalancingDispatcher
dispatchingPeriod=15
distanceHeuristic=
distanceRatio=0.6941058591736629
DriveTimeMax=1920.0
DriveTimeQuantile1=300.0
DriveTimeQuantile2=630.0
DriveTimeQuantile3=1230.0
MeanDriveTime=670.6000839278221
MeanTTravelTime=1024.9223667645824
MeanWaitingTime=354.3222828367604
occupancyRatio=0.09864444444444435
populationSize=2383
rebalancePeriod=-1
requestSharedNumbers={2383}
timeStamp=2020/10/13 - 11\:37\:18
totalRequests=2383
TotalRoboTaxiDistance=41605.930782163894[km]
totalRoboTaxiDistancePicku=12727.010449890082[km]
totalRoboTaxiDistanceReb=0[km]
totalRoboTaxiDistanceWtCst=28878.920332273814[km]
totalVehicles=150
TTravelTimeMax=3300.0
TTravelTimeQuantile1=510.0
TTravelTimeQuantile2=990.0
TTravelTimeQuantile3=1770.0
vehicleGenerator=PopulationDensity
virtualNodes=24
WaitTimeMax=1860.0
WaitTimeQuantile1=90.0
WaitTimeQuantile2=300.0
WaitTimeQuantile3=810.0
