#Total Values for this Simulation (last Iteration)
#Tue Oct 13 12:00:17 EDT 2020
averageTripDistance=12.11880778241344[km]
dispatcher=GlobalBipartiteMatchingDispatcher
dispatchingPeriod=15
distanceHeuristic=
distanceRatio=0.7502134627348905
DriveTimeMax=1920.0
DriveTimeQuantile1=300.0
DriveTimeQuantile2=630.0
DriveTimeQuantile3=1230.0
MeanDriveTime=670.7511540075535
MeanTTravelTime=987.343684431389
MeanWaitingTime=316.5925304238355
occupancyRatio=0.0739999999999997
populationSize=2383
rebalancePeriod=-1
requestSharedNumbers={2383}
timeStamp=2020/10/13 - 11\:59\:54
totalRequests=2383
TotalRoboTaxiDistance=38494.53572882161[km]
totalRoboTaxiDistancePicku=9615.416783330395[km]
totalRoboTaxiDistanceReb=0[km]
totalRoboTaxiDistanceWtCst=28879.118945491224[km]
totalVehicles=200
TTravelTimeMax=3000.0
TTravelTimeQuantile1=480.0
TTravelTimeQuantile2=930.0
TTravelTimeQuantile3=1770.0
vehicleGenerator=PopulationDensity
virtualNodes=24
WaitTimeMax=1770.0
WaitTimeQuantile1=90.0
WaitTimeQuantile2=270.0
WaitTimeQuantile3=810.0
