#Total Values for this Simulation (last Iteration)
#Tue Oct 13 11:30:28 EDT 2020
averageTripDistance=12.118529560583951[km]
dispatcher=DemandSupplyBalancingDispatcher
dispatchingPeriod=15
distanceHeuristic=
distanceRatio=0.6522284936049839
DriveTimeMax=1920.0
DriveTimeQuantile1=300.0
DriveTimeQuantile2=630.0
DriveTimeQuantile3=1230.0
MeanDriveTime=670.4490138480905
MeanTTravelTime=1089.8950902224087
MeanWaitingTime=419.44607637431807
occupancyRatio=0.14793333333333247
populationSize=2383
rebalancePeriod=-1
requestSharedNumbers={2383}
timeStamp=2020/10/13 - 11\:30\:01
totalRequests=2383
TotalRoboTaxiDistance=44276.593595681705[km]
totalRoboTaxiDistancePicku=15398.137652810172[km]
totalRoboTaxiDistanceReb=0[km]
totalRoboTaxiDistanceWtCst=28878.455942871555[km]
totalVehicles=100
TTravelTimeMax=4050.0
TTravelTimeQuantile1=540.0
TTravelTimeQuantile2=1050.0
TTravelTimeQuantile3=1890.0
vehicleGenerator=PopulationDensity
virtualNodes=24
WaitTimeMax=2730.0
WaitTimeQuantile1=120.0
WaitTimeQuantile2=360.0
WaitTimeQuantile3=990.0
