#Total Values for this Simulation (last Iteration)
#Tue Oct 13 13:29:55 EDT 2020
averageTripDistance=12.118432854132303[km]
dispatcher=GlobalBipartiteMatchingDispatcher
dispatchingPeriod=15
distanceHeuristic=
distanceRatio=0.6420922211612942
DriveTimeMax=1920.0
DriveTimeQuantile1=300.0
DriveTimeQuantile2=630.0
DriveTimeQuantile3=1230.0
MeanDriveTime=670.5874947545111
MeanTTravelTime=1546.9072597566094
MeanWaitingTime=876.3197650020982
occupancyRatio=0.29592777777777696
populationSize=2383
rebalancePeriod=-1
requestSharedNumbers={2383}
timeStamp=2020/10/13 - 13\:29\:14
totalRequests=2383
TotalRoboTaxiDistance=44975.19910639603[km]
totalRoboTaxiDistancePicku=16096.973614998702[km]
totalRoboTaxiDistanceReb=0[km]
totalRoboTaxiDistanceWtCst=28878.22549139728[km]
totalVehicles=50
TTravelTimeMax=12030.0
TTravelTimeQuantile1=600.0
TTravelTimeQuantile2=1230.0
TTravelTimeQuantile3=3840.0
vehicleGenerator=PopulationDensity
virtualNodes=24
WaitTimeMax=10980.0
WaitTimeQuantile1=180.0
WaitTimeQuantile2=510.0
WaitTimeQuantile3=2940.0
