#Total Values for this Simulation (last Iteration)
#Tue Oct 13 15:13:40 EDT 2020
averageTripDistance=12.118569484786772[km]
dispatcher=ModelFreeAdaptiveRepositioning
dispatchingPeriod=15
distanceHeuristic=
distanceRatio=0.4533430250729193
DriveTimeMax=1920.0
DriveTimeQuantile1=300.0
DriveTimeQuantile2=630.0
DriveTimeQuantile3=1230.0
MeanDriveTime=670.7133864876206
MeanTTravelTime=899.1565253881662
MeanWaitingTime=228.44313890054553
occupancyRatio=0.0986611111111111
populationSize=2383
rebalancePeriod=-1
requestSharedNumbers={2383}
timeStamp=2020/10/13 - 15\:12\:59
totalRequests=2383
TotalRoboTaxiDistance=63701.32435058822[km]
totalRoboTaxiDistancePicku=6605.024587802689[km]
totalRoboTaxiDistanceReb=28217.748680538658[km]
totalRoboTaxiDistanceWtCst=28878.55108224688[km]
totalVehicles=150
TTravelTimeMax=3210.0
TTravelTimeQuantile1=450.0
TTravelTimeQuantile2=870.0
TTravelTimeQuantile3=1590.0
vehicleGenerator=PopulationDensity
virtualNodes=24
WaitTimeMax=1530.0
WaitTimeQuantile1=60.0
WaitTimeQuantile2=180.0
WaitTimeQuantile3=600.0
