#Total Values for this Simulation (last Iteration)
#Tue Oct 13 01:11:47 EDT 2020
averageTripDistance=12.118432854132303[km]
dispatcher=DemandSupplyBalancingDispatcher
dispatchingPeriod=15
distanceHeuristic=
distanceRatio=0.5906673084838895
DriveTimeMax=1920.0
DriveTimeQuantile1=300.0
DriveTimeQuantile2=630.0
DriveTimeQuantile3=1230.0
MeanDriveTime=670.4616030214016
MeanTTravelTime=1589.0180444817456
MeanWaitingTime=918.5564414603441
occupancyRatio=0.29587222222222037
populationSize=2383
rebalancePeriod=-1
requestSharedNumbers={2383}
timeStamp=2020/10/13 - 01\:11\:26
totalRequests=2383
TotalRoboTaxiDistance=48890.847820105715[km]
totalRoboTaxiDistancePicku=20012.622328708392[km]
totalRoboTaxiDistanceReb=0[km]
totalRoboTaxiDistanceWtCst=28878.22549139728[km]
totalVehicles=50
TTravelTimeMax=11850.0
TTravelTimeQuantile1=660.0
TTravelTimeQuantile2=1320.0
TTravelTimeQuantile3=3570.0
vehicleGenerator=PopulationDensity
virtualNodes=24
WaitTimeMax=10740.0
WaitTimeQuantile1=210.0
WaitTimeQuantile2=630.0
WaitTimeQuantile3=2700.0
