#Total Values for this Simulation (last Iteration)
#Tue Oct 13 15:03:23 EDT 2020
averageTripDistance=12.118432854132307[km]
dispatcher=ModelFreeAdaptiveRepositioning
dispatchingPeriod=15
distanceHeuristic=
distanceRatio=0.47483892008370476
DriveTimeMax=1920.0
DriveTimeQuantile1=300.0
DriveTimeQuantile2=630.0
DriveTimeQuantile3=1230.0
MeanDriveTime=670.7133864876206
MeanTTravelTime=975.7868233319346
MeanWaitingTime=305.0734368443139
occupancyRatio=0.14799166666666594
populationSize=2383
rebalancePeriod=-1
requestSharedNumbers={2383}
timeStamp=2020/10/13 - 15\:02\:40
totalRequests=2383
TotalRoboTaxiDistance=60816.88814873605[km]
totalRoboTaxiDistancePicku=9123.49463317541[km]
totalRoboTaxiDistanceReb=22815.16802416337[km]
totalRoboTaxiDistanceWtCst=28878.225491397287[km]
totalVehicles=100
TTravelTimeMax=3420.0
TTravelTimeQuantile1=480.0
TTravelTimeQuantile2=930.0
TTravelTimeQuantile3=1740.0
vehicleGenerator=PopulationDensity
virtualNodes=24
WaitTimeMax=1980.0
WaitTimeQuantile1=90.0
WaitTimeQuantile2=240.0
WaitTimeQuantile3=780.0
